0	0	29.38	32.71	70.46	36.18	33.88	53.60	56.40	36.32	29.23	85.69	38.43	16.18	130.29	40.51	9.18	203.57	42.59	5.33	324.43	44.71	3.08	525.28	46.93	1.78	828.13	49.12	1.03	
0	1	39.23	31.32	101.16	50.01	32.50	75.15	79.73	34.88	41.68	123.03	37.06	22.77	188.23	39.17	12.63	291.24	41.30	7.23	459.81	43.45	4.14	738.62	45.74	2.34	1157.99	48.04	1.31	
0	2	24.82	33.95	54.22	30.68	35.17	40.38	46.82	37.57	22.12	70.03	39.76	12.06	105.81	41.82	6.85	163.10	43.89	4.02	258.52	45.88	2.38	420.13	47.90	1.42	669.58	49.90	0.85	
0	3	36.65	31.05	97.57	47.23	32.28	72.75	76.95	34.69	40.28	119.01	36.86	22.19	182.83	39.04	12.21	282.90	41.28	6.86	443.34	43.53	3.86	703.65	45.86	2.18	1092.26	48.13	1.24	
0	4	43.74	29.57	141.78	57.18	30.71	107.15	94.66	33.08	60.52	150.11	35.20	33.90	236.56	37.35	18.90	373.80	39.58	10.63	602.44	41.87	5.93	983.30	44.31	3.25	1563.60	46.75	1.75	
0	5	41.42	30.80	97.47	52.98	32.04	72.55	85.23	34.58	39.70	131.02	36.83	21.35	198.68	39.02	11.74	303.43	41.24	6.66	471.11	43.47	3.78	745.13	45.81	2.14	1151.06	48.12	1.22	
0	6	21.50	34.15	41.12	26.77	35.38	30.84	41.37	37.74	17.51	62.52	39.84	9.85	94.66	41.90	5.64	145.69	43.99	3.32	230.61	46.07	1.95	372.93	48.16	1.17	592.68	50.20	0.71	
0	7	15.29	32.11	85.80	21.11	33.08	69.38	40.01	35.02	44.02	73.08	36.87	26.43	131.66	38.90	15.12	229.66	41.03	8.57	394.71	43.22	4.79	673.59	45.52	2.65	1109.12	47.89	1.44	
0	8	27.41	32.54	70.12	33.50	33.68	53.04	53.36	36.03	30.05	82.56	38.16	16.71	128.15	40.31	9.23	201.72	42.52	5.23	321.08	44.73	2.96	519.27	47.00	1.69	820.23	49.24	0.97	
1	0	21.87	34.22	46.42	27.31	35.40	34.97	41.92	37.85	19.56	62.88	39.98	10.92	95.31	42.04	6.15	146.60	44.13	3.60	233.34	46.12	2.13	383.20	48.18	1.27	618.48	50.22	0.76	
1	1	24.22	32.48	71.11	31.07	33.64	53.79	50.14	36.05	30.28	78.73	38.20	16.67	122.20	40.41	9.13	190.26	42.65	5.11	302.24	44.87	2.89	489.47	47.14	1.64	778.22	49.38	0.93	
1	2	25.39	33.02	63.21	32.08	34.18	47.69	50.29	36.58	26.64	76.66	38.78	14.47	115.71	40.94	8.01	178.40	43.12	4.56	281.04	45.23	2.64	455.71	47.42	1.53	725.30	49.54	0.90	
1	3	46.03	30.11	109.10	59.24	31.36	81.45	95.27	33.91	44.45	145.75	36.19	23.90	220.82	38.44	12.99	337.31	40.72	7.30	525.23	43.01	4.11	835.70	45.43	2.30	1294.23	47.82	1.28	
1	4	56.58	27.63	202.35	74.78	28.82	152.93	127.68	31.32	84.65	203.12	33.61	45.46	317.50	35.92	24.25	495.41	38.37	13.06	779.75	40.85	7.02	1244.79	43.48	3.70	1932.72	46.09	1.94	
1	5	41.21	29.95	122.24	53.61	31.15	91.87	89.37	33.67	50.56	139.79	35.93	27.23	215.50	38.20	14.61	334.30	40.52	8.06	521.60	42.81	4.51	830.95	45.21	2.52	1294.70	47.53	1.41	
1	6	34.03	31.63	84.29	43.37	32.90	62.19	68.82	35.45	33.88	104.81	37.71	18.20	158.75	39.89	10.00	244.41	42.10	5.69	383.45	44.25	3.27	615.40	46.51	1.88	966.96	48.72	1.08	
1	7	14.97	34.93	35.41	18.34	36.11	27.20	28.25	38.46	15.61	42.56	40.57	8.75	64.40	42.64	4.93	99.47	44.74	2.84	158.22	46.77	1.67	259.50	48.74	1.02	431.06	50.68	0.63	
1	8	28.71	32.40	75.48	36.62	33.64	56.48	59.06	36.11	31.46	90.96	38.35	17.07	140.29	40.52	9.37	218.21	42.72	5.30	344.20	44.85	3.04	554.68	47.05	1.75	875.86	49.20	1.01	
2	0	18.53	37.05	35.82	22.68	38.64	26.06	34.57	41.05	14.20	50.73	43.10	7.90	75.28	45.03	4.55	115.88	46.80	2.73	186.81	48.45	1.65	311.57	50.15	0.98	508.22	52.00	0.58	
2	1	15.81	37.69	28.83	19.61	38.79	21.25	29.45	41.27	11.76	43.80	43.31	6.39	64.20	45.24	3.64	97.08	46.93	2.24	153.66	48.54	1.38	255.62	50.25	0.84	426.32	52.09	0.51	
2	2	27.69	35.67	54.93	33.73	37.04	39.90	50.15	39.52	21.30	72.96	41.61	11.72	107.09	43.47	6.77	161.84	45.24	4.10	255.42	46.93	2.47	422.63	48.78	1.44	691.37	50.73	0.82	
2	3	20.14	34.82	54.01	25.59	35.97	40.58	41.31	38.30	22.57	63.99	40.37	12.48	98.35	42.48	6.96	154.29	44.57	4.02	249.34	46.59	2.32	415.46	48.68	1.33	677.40	50.78	0.76	
2	4	33.26	32.05	79.45	42.52	33.25	59.65	68.69	35.59	33.42	106.26	37.75	18.43	163.42	39.89	10.29	254.03	42.04	5.91	407.60	44.15	3.42	675.73	46.36	1.96	1104.54	48.58	1.11	
2	5	59.73	29.58	146.49	77.31	30.93	107.47	124.27	33.45	57.33	190.51	35.67	30.69	288.72	37.81	16.93	440.94	39.99	9.66	695.87	42.24	5.45	1122.09	44.73	2.94	1752.04	47.29	1.54	
2	6	23.16	34.07	60.34	29.57	35.23	45.01	47.03	37.52	25.20	72.14	39.63	13.80	110.45	41.67	7.82	172.38	43.69	4.59	278.48	45.66	2.72	465.13	47.72	1.60	766.20	49.83	0.93	
2	7	27.07	33.49	56.96	34.44	34.67	42.53	55.26	37.05	23.82	84.36	39.15	13.28	127.84	41.22	7.51	197.99	43.29	4.42	315.69	45.30	2.61	521.39	47.40	1.53	850.36	49.57	0.88	
2	8	38.33	31.37	101.07	49.03	32.55	75.67	79.14	35.05	41.03	123.24	37.19	22.28	188.89	39.35	12.34	291.29	41.50	7.10	459.47	43.66	4.09	746.90	45.98	2.30	1191.07	48.32	1.27	
3	0	16.44	34.70	38.43	20.27	35.96	28.94	31.28	38.32	16.59	47.32	40.31	9.64	73.01	42.25	5.68	116.72	44.19	3.45	193.19	46.07	2.11	329.48	47.97	1.30	558.60	49.86	0.81	
3	1	15.38	34.81	37.24	18.84	35.97	28.40	29.57	38.28	16.48	45.52	40.27	9.53	71.42	42.22	5.58	115.34	44.14	3.40	193.63	46.00	2.09	338.47	47.87	1.30	587.88	49.76	0.81	
3	2	23.28	33.93	44.55	29.52	35.11	33.60	46.93	37.48	19.15	71.61	39.59	10.78	108.94	41.62	6.21	168.18	43.62	3.70	266.31	45.60	2.23	435.36	47.61	1.36	704.82	49.62	0.83	
3	3	8.68	37.01	20.95	10.39	38.23	16.08	15.72	40.71	9.43	23.58	42.61	5.60	36.70	44.45	3.36	59.87	46.26	2.08	103.52	47.97	1.30	185.18	49.67	0.83	336.25	51.43	0.53	
3	4	12.44	34.91	35.47	15.39	35.97	27.83	24.27	38.26	16.60	38.85	40.28	9.57	61.86	42.21	5.62	100.99	44.07	3.46	172.50	45.80	2.19	311.52	47.47	1.43	579.51	49.19	0.92	
3	5	22.69	31.92	76.43	29.28	32.91	60.95	50.53	35.19	35.52	83.34	37.34	19.62	132.90	39.52	10.78	211.16	41.67	6.17	340.87	43.83	3.54	562.89	46.08	2.02	918.65	48.34	1.15	
3	6	23.78	32.74	61.07	29.88	33.99	45.66	47.18	36.42	25.63	72.13	38.50	14.47	111.58	40.54	8.29	175.85	42.54	4.97	287.27	44.51	3.00	487.52	46.56	1.81	811.78	48.62	1.08	
3	7	20.84	33.62	48.88	26.21	34.83	36.47	41.05	37.19	20.71	62.42	39.30	11.67	95.53	41.27	6.84	151.69	43.22	4.15	250.54	45.12	2.55	434.77	47.05	1.57	746.54	49.04	0.96	
3	8	21.62	33.42	58.51	27.22	34.63	43.36	43.10	36.97	24.17	65.62	39.01	13.46	101.05	41.15	7.59	159.38	43.19	4.46	257.48	45.20	2.67	434.49	47.25	1.61	721.05	49.28	0.97	
4	0	20.73	33.72	52.45	26.00	34.95	39.27	40.40	37.38	22.04	61.25	39.47	12.43	94.20	41.51	7.13	149.69	43.54	4.19	244.28	45.54	2.48	407.92	47.60	1.47	667.22	49.67	0.88	
4	1	24.16	33.59	55.53	30.54	34.74	41.46	48.45	37.10	23.39	74.15	39.22	13.04	113.92	41.27	7.42	179.02	43.33	4.33	289.06	45.37	2.53	476.23	47.49	1.48	764.05	49.63	0.86	
4	2	21.86	33.92	52.42	27.18	35.10	38.94	41.81	37.48	21.55	63.00	39.57	12.00	96.09	41.62	6.84	150.40	43.68	4.02	242.71	45.73	2.36	397.68	47.82	1.40	637.61	49.88	0.84	
4	3	36.55	30.82	100.29	47.52	32.01	75.49	78.37	34.42	42.71	123.16	36.59	23.64	193.06	38.75	13.04	304.12	40.98	7.33	483.64	43.21	4.14	780.04	45.54	2.33	1223.28	47.83	1.31	
4	4	43.52	30.31	123.26	57.76	31.47	92.99	98.36	33.89	52.32	156.91	36.07	28.82	247.14	38.22	15.85	389.23	40.45	8.87	618.13	42.67	4.95	992.66	45.04	2.72	1546.82	47.40	1.48	
4	5	40.71	30.92	112.48	53.55	32.15	83.64	88.90	34.51	47.10	141.22	36.68	25.81	221.20	38.83	14.21	348.34	41.08	7.94	551.32	43.34	4.40	874.85	45.71	2.42	1345.78	48.04	1.33	
4	6	32.86	31.85	88.12	42.71	33.08	66.13	69.67	35.52	37.03	108.02	37.69	20.51	167.98	39.79	11.49	264.98	42.00	6.60	424.67	44.12	3.81	695.32	46.36	2.16	1104.10	48.60	1.22	
4	7	32.32	31.92	81.96	41.83	33.09	61.69	68.62	35.57	34.68	105.24	37.70	19.41	162.32	39.80	10.95	255.38	41.88	6.40	410.46	43.94	3.75	681.58	46.14	2.16	1102.22	48.36	1.23	
4	8	36.83	32.42	74.72	47.02	33.63	55.84	74.83	36.03	31.46	114.24	38.19	17.40	173.62	40.27	9.82	268.15	42.43	5.67	422.62	44.56	3.27	675.41	46.77	1.87	1049.62	48.96	1.08	
5	0	23.39	34.14	49.85	28.56	35.41	36.90	42.73	37.95	19.70	62.72	40.11	10.85	93.32	42.09	6.23	144.27	44.06	3.72	231.36	45.94	2.24	383.96	47.95	1.34	624.00	49.97	0.81	
5	1	24.69	34.02	50.71	30.68	35.28	37.65	47.38	37.86	20.12	69.56	39.99	11.02	103.34	42.04	6.22	158.41	44.00	3.67	252.18	45.96	2.17	416.29	48.01	1.28	673.44	50.10	0.76	
5	2	23.81	34.03	50.74	29.72	35.30	37.39	45.82	37.86	20.20	68.40	40.03	11.10	102.64	42.01	6.38	159.14	43.96	3.81	256.61	45.88	2.28	425.17	47.93	1.35	688.01	50.00	0.80	
5	3	39.91	31.35	83.24	50.84	32.56	62.18	82.20	35.09	34.30	125.71	37.31	18.71	190.83	39.47	10.36	292.67	41.69	5.86	453.91	43.94	3.31	715.58	46.30	1.86	1099.35	48.61	1.06	
5	4	51.96	30.24	116.96	67.06	31.50	87.05	109.57	33.99	48.05	169.12	36.23	26.08	257.82	38.42	14.27	396.76	40.69	7.92	616.66	42.98	4.35	971.45	45.43	2.35	1479.67	47.86	1.27	
5	5	43.28	31.01	91.94	55.33	32.28	68.57	88.04	34.82	37.84	133.62	37.03	20.71	202.33	39.20	11.45	312.26	41.44	6.44	487.80	43.70	3.62	774.68	46.07	2.02	1196.13	48.42	1.13	
5	6	23.83	34.32	43.22	29.36	35.55	31.82	45.00	37.95	17.61	66.53	40.06	9.92	99.16	42.10	5.73	152.64	44.12	3.44	242.30	46.10	2.08	399.53	48.15	1.25	645.51	50.19	0.76	
5	7	24.81	33.87	43.93	30.85	35.10	32.40	46.91	37.54	18.10	69.07	39.68	10.15	102.77	41.74	5.85	157.57	43.74	3.52	250.40	45.69	2.14	417.40	47.72	1.30	686.93	49.78	0.78	
5	8	25.99	33.12	52.45	32.58	34.41	38.67	50.38	36.94	21.41	75.00	39.06	12.03	112.99	41.10	6.94	175.86	43.16	4.14	282.72	45.20	2.46	468.50	47.34	1.46	756.86	49.47	0.86	
